#Charset:UTF-8
aeiou.wav=- a,0.0,0.0,0.0,0.0,0.0
aeiou.wav=a,0.0,0.0,0.0,0.0,0.0
aeiou.wav=a -,0.0,0.0,0.0,0.0,0.0
aeiou.wav=- e,0.0,0.0,0.0,0.0,0.0
aeiou.wav=e,0.0,0.0,0.0,0.0,0.0
aeiou.wav=e -,0.0,0.0,0.0,0.0,0.0
aeiou.wav=- i,0.0,0.0,0.0,0.0,0.0
aeiou.wav=i,8819.8,110.2,-1000.0,62.4,28.6
aeiou.wav=i -,0.0,0.0,0.0,0.0,0.0
aeiou.wav=- o,0.0,0.0,0.0,0.0,0.0
aeiou.wav=o,0.0,0.0,0.0,0.0,0.0
aeiou.wav=o -,0.0,0.0,0.0,0.0,0.0
aeiou.wav=- u,0.0,0.0,0.0,0.0,0.0
aeiou.wav=u,0.0,0.0,0.0,0.0,0.0
aeiou.wav=u -,0.0,0.0,0.0,0.0,0.0
A-E-I-O-U.wav=・ a,1.0,2.0,3.0,4.0,5.0
A-E-I-O-U.wav=a ・,0.0,0.0,0.0,0.0,0.0
A-E-I-O-U.wav=・ e,0.0,0.0,0.0,0.0,0.0
A-E-I-O-U.wav=e ・,0.0,0.0,0.0,0.0,0.0
A-E-I-O-U.wav=・ i,0.0,0.0,0.0,0.0,0.0
A-E-I-O-U.wav=i ・,0.0,0.0,0.0,0.0,0.0
A-E-I-O-U.wav=・ o,0.0,0.0,0.0,0.0,0.0
A-E-I-O-U.wav=o ・,0.0,0.0,0.0,0.0,0.0
A-E-I-O-U.wav=・ u,0.0,0.0,0.0,0.0,0.0
A-E-I-O-U.wav=u ・,0.0,0.0,0.0,0.0,0.0
maa-maa.wav=a ww,686.3,816.8,-1000.0,219.2,157.7
maa-maa.wav=e ww,0.0,0.0,0.0,0.0,0.0
maa-maa.wav=i ww,0.0,0.0,0.0,0.0,0.0
maa-maa.wav=o ww,7200.2,658.0,-1000.0,137.8,91.6
maa-maa.wav=u ww,0.0,0.0,0.0,0.0,0.0
b-b.wav=- ba,0.0,0.0,0.0,0.0,0.0
b-b.wav=a b,0.0,0.0,0.0,0.0,0.0
b-b.wav=ba,0.0,0.0,0.0,0.0,0.0
b-b.wav=ab -,0.0,0.0,0.0,0.0,0.0
b-b.wav=- be,0.0,0.0,0.0,0.0,0.0
b-b.wav=e b,0.0,0.0,0.0,0.0,0.0
b-b.wav=be,0.0,0.0,0.0,0.0,0.0
b-b.wav=eb -,0.0,0.0,0.0,0.0,0.0
b-b.wav=- bi,0.0,0.0,0.0,0.0,0.0
b-b.wav=i b,0.0,0.0,0.0,0.0,0.0
b-b.wav=bi,0.0,0.0,0.0,0.0,0.0
b-b.wav=ib -,0.0,0.0,0.0,0.0,0.0
b-b.wav=- bo,0.0,0.0,0.0,0.0,0.0
b-b.wav=o b,0.0,0.0,0.0,0.0,0.0
b-b.wav=bo,0.0,0.0,0.0,0.0,0.0
b-b.wav=ob -,0.0,0.0,0.0,0.0,0.0
b-b.wav=- bu,0.0,0.0,0.0,0.0,0.0
b-b.wav=u b,0.0,0.0,0.0,0.0,0.0
b-b.wav=bu,0.0,0.0,0.0,0.0,0.0
b-b.wav=ub -,0.0,0.0,0.0,0.0,0.0
by-by.wav=- bya,0.0,0.0,0.0,0.0,0.0
by-by.wav=a by,0.0,0.0,0.0,0.0,0.0
by-by.wav=bya,0.0,0.0,0.0,0.0,0.0
by-by.wav=aby -,0.0,0.0,0.0,0.0,0.0
by-by.wav=- bye,0.0,0.0,0.0,0.0,0.0
by-by.wav=e by,0.0,0.0,0.0,0.0,0.0
by-by.wav=bye,0.0,0.0,0.0,0.0,0.0
by-by.wav=eby -,0.0,0.0,0.0,0.0,0.0
by-by.wav=- byi,0.0,0.0,0.0,0.0,0.0
by-by.wav=i by,0.0,0.0,0.0,0.0,0.0
by-by.wav=byi,0.0,0.0,0.0,0.0,0.0
by-by.wav=iby -,0.0,0.0,0.0,0.0,0.0
by-by.wav=- byo,0.0,0.0,0.0,0.0,0.0
by-by.wav=o by,0.0,0.0,0.0,0.0,0.0
by-by.wav=byo,0.0,0.0,0.0,0.0,0.0
by-by.wav=oby -,0.0,0.0,0.0,0.0,0.0
by-by.wav=- byu,0.0,0.0,0.0,0.0,0.0
by-by.wav=u by,0.0,0.0,0.0,0.0,0.0
by-by.wav=byu,0.0,0.0,0.0,0.0,0.0
by-by.wav=uby -,0.0,0.0,0.0,0.0,0.0
ch-ch.wav=- cha,0.0,0.0,0.0,0.0,0.0
ch-ch.wav=a ch,0.0,0.0,0.0,0.0,0.0
ch-ch.wav=cha,0.0,0.0,0.0,0.0,0.0
ch-ch.wav=ach -,0.0,0.0,0.0,0.0,0.0
ch-ch.wav=- che,0.0,0.0,0.0,0.0,0.0
ch-ch.wav=e ch,0.0,0.0,0.0,0.0,0.0
ch-ch.wav=che,0.0,0.0,0.0,0.0,0.0
ch-ch.wav=ech -,0.0,0.0,0.0,0.0,0.0
ch-ch.wav=- chi,0.0,0.0,0.0,0.0,0.0
ch-ch.wav=i ch,0.0,0.0,0.0,0.0,0.0
ch-ch.wav=chi,0.0,0.0,0.0,0.0,0.0
ch-ch.wav=ich -,0.0,0.0,0.0,0.0,0.0
ch-ch.wav=- cho,0.0,0.0,0.0,0.0,0.0
ch-ch.wav=o ch,0.0,0.0,0.0,0.0,0.0
ch-ch.wav=cho,0.0,0.0,0.0,0.0,0.0
ch-ch.wav=och -,0.0,0.0,0.0,0.0,0.0
ch-ch.wav=- chu,0.0,0.0,0.0,0.0,0.0
ch-ch.wav=u ch,0.0,0.0,0.0,0.0,0.0
ch-ch.wav=chu,0.0,0.0,0.0,0.0,0.0
ch-ch.wav=uch -,0.0,0.0,0.0,0.0,0.0
d-d.wav=- da,0.0,0.0,0.0,0.0,0.0
d-d.wav=a d,0.0,0.0,0.0,0.0,0.0
d-d.wav=da,1219.5,38.8,0.0,25.8,6.2
d-d.wav=ad -,0.0,0.0,0.0,0.0,0.0
d-d.wav=- de,0.0,0.0,0.0,0.0,0.0
d-d.wav=e d,0.0,0.0,0.0,0.0,0.0
d-d.wav=de,0.0,0.0,0.0,0.0,0.0
d-d.wav=ed -,0.0,0.0,0.0,0.0,0.0
d-d.wav=- di,0.0,0.0,0.0,0.0,0.0
d-d.wav=i d,0.0,0.0,0.0,0.0,0.0
d-d.wav=di,0.0,0.0,0.0,0.0,0.0
d-d.wav=id -,0.0,0.0,0.0,0.0,0.0
d-d.wav=- do,0.0,0.0,0.0,0.0,0.0
d-d.wav=o d,0.0,0.0,0.0,0.0,0.0
d-d.wav=do,0.0,0.0,0.0,0.0,0.0
d-d.wav=od -,0.0,0.0,0.0,0.0,0.0
d-d.wav=- du,0.0,0.0,0.0,0.0,0.0
d-d.wav=u d,0.0,0.0,0.0,0.0,0.0
d-d.wav=du,0.0,0.0,0.0,0.0,0.0
d-d.wav=ud -,0.0,0.0,0.0,0.0,0.0
dy-dy.wav=- dya,0.0,0.0,0.0,0.0,0.0
dy-dy.wav=a dy,0.0,0.0,0.0,0.0,0.0
dy-dy.wav=dya,0.0,0.0,0.0,0.0,0.0
dy-dy.wav=ady -,0.0,0.0,0.0,0.0,0.0
dy-dy.wav=- dye,0.0,0.0,0.0,0.0,0.0
dy-dy.wav=e dy,0.0,0.0,0.0,0.0,0.0
dy-dy.wav=dye,0.0,0.0,0.0,0.0,0.0
dy-dy.wav=edy -,0.0,0.0,0.0,0.0,0.0
dy-dy.wav=- dyi,0.0,0.0,0.0,0.0,0.0
dy-dy.wav=i dy,0.0,0.0,0.0,0.0,0.0
dy-dy.wav=dyi,0.0,0.0,0.0,0.0,0.0
dy-dy.wav=idy -,0.0,0.0,0.0,0.0,0.0
dy-dy.wav=- dyo,0.0,0.0,0.0,0.0,0.0
dy-dy.wav=o dy,0.0,0.0,0.0,0.0,0.0
dy-dy.wav=dyo,0.0,0.0,0.0,0.0,0.0
dy-dy.wav=ody -,0.0,0.0,0.0,0.0,0.0
dy-dy.wav=- dyu,0.0,0.0,0.0,0.0,0.0
dy-dy.wav=u dy,0.0,0.0,0.0,0.0,0.0
dy-dy.wav=dyu,0.0,0.0,0.0,0.0,0.0
dy-dy.wav=udy -,0.0,0.0,0.0,0.0,0.0
f-f.wav=- fa,0.0,0.0,0.0,0.0,0.0
f-f.wav=a f,0.0,0.0,0.0,0.0,0.0
f-f.wav=fa,0.0,0.0,0.0,0.0,0.0
f-f.wav=af -,0.0,0.0,0.0,0.0,0.0
f-f.wav=- fe,0.0,0.0,0.0,0.0,0.0
f-f.wav=e f,0.0,0.0,0.0,0.0,0.0
f-f.wav=fe,0.0,0.0,0.0,0.0,0.0
f-f.wav=ef -,0.0,0.0,0.0,0.0,0.0
f-f.wav=- fi,0.0,0.0,0.0,0.0,0.0
f-f.wav=i f,0.0,0.0,0.0,0.0,0.0
f-f.wav=fi,0.0,0.0,0.0,0.0,0.0
f-f.wav=if -,0.0,0.0,0.0,0.0,0.0
f-f.wav=- fo,0.0,0.0,0.0,0.0,0.0
f-f.wav=o f,0.0,0.0,0.0,0.0,0.0
f-f.wav=fo,0.0,0.0,0.0,0.0,0.0
f-f.wav=of -,0.0,0.0,0.0,0.0,0.0
f-f.wav=- fu,0.0,0.0,0.0,0.0,0.0
f-f.wav=u f,0.0,0.0,0.0,0.0,0.0
f-f.wav=fu,0.0,0.0,0.0,0.0,0.0
f-f.wav=uf -,0.0,0.0,0.0,0.0,0.0
g-g.wav=- ga,0.0,0.0,0.0,0.0,0.0
g-g.wav=a g,0.0,0.0,0.0,0.0,0.0
g-g.wav=ga,911.6,99.3,-443.6,73.4,40.3
g-g.wav=ag -,0.0,0.0,0.0,0.0,0.0
g-g.wav=- ge,0.0,0.0,0.0,0.0,0.0
g-g.wav=e g,0.0,0.0,0.0,0.0,0.0
g-g.wav=ge,0.0,0.0,0.0,0.0,0.0
g-g.wav=eg -,0.0,0.0,0.0,0.0,0.0
g-g.wav=- gi,0.0,0.0,0.0,0.0,0.0
g-g.wav=i g,0.0,0.0,0.0,0.0,0.0
g-g.wav=gi,0.0,0.0,0.0,0.0,0.0
g-g.wav=ig -,0.0,0.0,0.0,0.0,0.0
g-g.wav=- go,0.0,0.0,0.0,0.0,0.0
g-g.wav=o g,0.0,0.0,0.0,0.0,0.0
g-g.wav=go,0.0,0.0,0.0,0.0,0.0
g-g.wav=og -,0.0,0.0,0.0,0.0,0.0
g-g.wav=- gu,0.0,0.0,0.0,0.0,0.0
g-g.wav=u g,0.0,0.0,0.0,0.0,0.0
g-g.wav=gu,0.0,0.0,0.0,0.0,0.0
g-g.wav=ug -,0.0,0.0,0.0,0.0,0.0
gy-gy.wav=- gya,0.0,0.0,0.0,0.0,0.0
gy-gy.wav=a gy,0.0,0.0,0.0,0.0,0.0
gy-gy.wav=gya,0.0,0.0,0.0,0.0,0.0
gy-gy.wav=agy -,0.0,0.0,0.0,0.0,0.0
gy-gy.wav=- gye,0.0,0.0,0.0,0.0,0.0
gy-gy.wav=e gy,0.0,0.0,0.0,0.0,0.0
gy-gy.wav=gye,0.0,0.0,0.0,0.0,0.0
gy-gy.wav=egy -,0.0,0.0,0.0,0.0,0.0
gy-gy.wav=- gyi,0.0,0.0,0.0,0.0,0.0
gy-gy.wav=i gy,0.0,0.0,0.0,0.0,0.0
gy-gy.wav=gyi,0.0,0.0,0.0,0.0,0.0
gy-gy.wav=igy -,0.0,0.0,0.0,0.0,0.0
gy-gy.wav=- gyo,0.0,0.0,0.0,0.0,0.0
gy-gy.wav=o gy,0.0,0.0,0.0,0.0,0.0
gy-gy.wav=gyo,0.0,0.0,0.0,0.0,0.0
gy-gy.wav=ogy -,0.0,0.0,0.0,0.0,0.0
gy-gy.wav=- gyu,0.0,0.0,0.0,0.0,0.0
gy-gy.wav=u gy,0.0,0.0,0.0,0.0,0.0
gy-gy.wav=gyu,7270.4,183.9,-486.6,78.8,36.7
gy-gy.wav=ugy -,0.0,0.0,0.0,0.0,0.0
h-h.wav=- ha,0.0,0.0,0.0,0.0,0.0
h-h.wav=a h,0.0,0.0,0.0,0.0,0.0
h-h.wav=ha,0.0,0.0,0.0,0.0,0.0
h-h.wav=ah -,0.0,0.0,0.0,0.0,0.0
h-h.wav=- he,0.0,0.0,0.0,0.0,0.0
h-h.wav=e h,0.0,0.0,0.0,0.0,0.0
h-h.wav=he,0.0,0.0,0.0,0.0,0.0
h-h.wav=eh -,0.0,0.0,0.0,0.0,0.0
h-h.wav=- hi,0.0,0.0,0.0,0.0,0.0
h-h.wav=i h,0.0,0.0,0.0,0.0,0.0
h-h.wav=hi,0.0,0.0,0.0,0.0,0.0
h-h.wav=ih -,0.0,0.0,0.0,0.0,0.0
h-h.wav=- ho,0.0,0.0,0.0,0.0,0.0
h-h.wav=o h,0.0,0.0,0.0,0.0,0.0
h-h.wav=ho,0.0,0.0,0.0,0.0,0.0
h-h.wav=oh -,0.0,0.0,0.0,0.0,0.0
h-h.wav=- hu,0.0,0.0,0.0,0.0,0.0
h-h.wav=u h,0.0,0.0,0.0,0.0,0.0
h-h.wav=hu,0.0,0.0,0.0,0.0,0.0
h-h.wav=uh -,0.0,0.0,0.0,0.0,0.0
hy-hy.wav=- hya,0.0,0.0,0.0,0.0,0.0
hy-hy.wav=a hy,0.0,0.0,0.0,0.0,0.0
hy-hy.wav=hya,0.0,0.0,0.0,0.0,0.0
hy-hy.wav=ahy -,0.0,0.0,0.0,0.0,0.0
hy-hy.wav=- hye,0.0,0.0,0.0,0.0,0.0
hy-hy.wav=e hy,0.0,0.0,0.0,0.0,0.0
hy-hy.wav=hye,0.0,0.0,0.0,0.0,0.0
hy-hy.wav=ehy -,0.0,0.0,0.0,0.0,0.0
hy-hy.wav=- hyi,0.0,0.0,0.0,0.0,0.0
hy-hy.wav=i hy,0.0,0.0,0.0,0.0,0.0
hy-hy.wav=hyi,0.0,0.0,0.0,0.0,0.0
hy-hy.wav=ihy -,0.0,0.0,0.0,0.0,0.0
hy-hy.wav=- hyo,0.0,0.0,0.0,0.0,0.0
hy-hy.wav=o hy,0.0,0.0,0.0,0.0,0.0
hy-hy.wav=hyo,0.0,0.0,0.0,0.0,0.0
hy-hy.wav=ohy -,0.0,0.0,0.0,0.0,0.0
hy-hy.wav=- hyu,0.0,0.0,0.0,0.0,0.0
hy-hy.wav=u hy,0.0,0.0,0.0,0.0,0.0
hy-hy.wav=hyu,0.0,0.0,0.0,0.0,0.0
hy-hy.wav=uhy -,0.0,0.0,0.0,0.0,0.0
j-j.wav=- ja,0.0,0.0,0.0,0.0,0.0
j-j.wav=a j,0.0,0.0,0.0,0.0,0.0
j-j.wav=ja,0.0,0.0,0.0,0.0,0.0
j-j.wav=aj -,0.0,0.0,0.0,0.0,0.0
j-j.wav=- je,0.0,0.0,0.0,0.0,0.0
j-j.wav=e j,0.0,0.0,0.0,0.0,0.0
j-j.wav=je,0.0,0.0,0.0,0.0,0.0
j-j.wav=ej -,0.0,0.0,0.0,0.0,0.0
j-j.wav=- ji,0.0,0.0,0.0,0.0,0.0
j-j.wav=i j,0.0,0.0,0.0,0.0,0.0
j-j.wav=ji,0.0,0.0,0.0,0.0,0.0
j-j.wav=ij -,0.0,0.0,0.0,0.0,0.0
j-j.wav=- jo,0.0,0.0,0.0,0.0,0.0
j-j.wav=o j,0.0,0.0,0.0,0.0,0.0
j-j.wav=jo,0.0,0.0,0.0,0.0,0.0
j-j.wav=oj -,0.0,0.0,0.0,0.0,0.0
j-j.wav=- ju,0.0,0.0,0.0,0.0,0.0
j-j.wav=u j,0.0,0.0,0.0,0.0,0.0
j-j.wav=ju,0.0,0.0,0.0,0.0,0.0
j-j.wav=uj -,0.0,0.0,0.0,0.0,0.0
k-k.wav=- ka,653.6,85.8,-193.0,50.4,12.8
k-k.wav=a k,0.0,0.0,0.0,0.0,0.0
k-k.wav=ka,939.8,130.7,-433.6,89.5,44.9
k-k.wav=ak -,0.0,0.0,0.0,0.0,0.0
k-k.wav=- ke,0.0,0.0,0.0,0.0,0.0
k-k.wav=e k,0.0,0.0,0.0,0.0,0.0
k-k.wav=ke,0.0,0.0,0.0,0.0,0.0
k-k.wav=ek -,0.0,0.0,0.0,0.0,0.0
k-k.wav=- ki,4313.2,152.9,-500.0,144.9,16.9
k-k.wav=i k,0.0,0.0,0.0,0.0,0.0
k-k.wav=ki,0.0,0.0,0.0,0.0,0.0
k-k.wav=ik -,0.0,0.0,0.0,0.0,0.0
k-k.wav=- ko,5592.9,103.4,-200.0,73.7,22.7
k-k.wav=o k,0.0,0.0,0.0,0.0,0.0
k-k.wav=ko,5970.7,85.9,-401.7,57.2,15.7
k-k.wav=ok -,0.0,0.0,0.0,0.0,0.0
k-k.wav=- ku,0.0,0.0,0.0,0.0,0.0
k-k.wav=u k,0.0,0.0,0.0,0.0,0.0
k-k.wav=ku,0.0,0.0,0.0,0.0,0.0
k-k.wav=uk -,0.0,0.0,0.0,0.0,0.0
ky-ky.wav=- kya,0.0,0.0,0.0,0.0,0.0
ky-ky.wav=a ky,0.0,0.0,0.0,0.0,0.0
ky-ky.wav=kya,0.0,0.0,0.0,0.0,0.0
ky-ky.wav=aky -,0.0,0.0,0.0,0.0,0.0
ky-ky.wav=- kye,0.0,0.0,0.0,0.0,0.0
ky-ky.wav=e ky,0.0,0.0,0.0,0.0,0.0
ky-ky.wav=kye,0.0,0.0,0.0,0.0,0.0
ky-ky.wav=eky -,0.0,0.0,0.0,0.0,0.0
ky-ky.wav=- kyi,0.0,0.0,0.0,0.0,0.0
ky-ky.wav=i ky,0.0,0.0,0.0,0.0,0.0
ky-ky.wav=kyi,0.0,0.0,0.0,0.0,0.0
ky-ky.wav=iky -,0.0,0.0,0.0,0.0,0.0
ky-ky.wav=- kyo,0.0,0.0,0.0,0.0,0.0
ky-ky.wav=o ky,0.0,0.0,0.0,0.0,0.0
ky-ky.wav=kyo,0.0,0.0,0.0,0.0,0.0
ky-ky.wav=oky -,0.0,0.0,0.0,0.0,0.0
ky-ky.wav=- kyu,0.0,0.0,0.0,0.0,0.0
ky-ky.wav=u ky,0.0,0.0,0.0,0.0,0.0
ky-ky.wav=kyu,0.0,0.0,0.0,0.0,0.0
ky-ky.wav=uky -,0.0,0.0,0.0,0.0,0.0
l-l.wav=- la,0.0,0.0,0.0,0.0,0.0
l-l.wav=a l,0.0,0.0,0.0,0.0,0.0
l-l.wav=la,0.0,0.0,0.0,0.0,0.0
l-l.wav=al -,0.0,0.0,0.0,0.0,0.0
l-l.wav=- le,0.0,0.0,0.0,0.0,0.0
l-l.wav=e l,0.0,0.0,0.0,0.0,0.0
l-l.wav=le,0.0,0.0,0.0,0.0,0.0
l-l.wav=el -,0.0,0.0,0.0,0.0,0.0
l-l.wav=- li,0.0,0.0,0.0,0.0,0.0
l-l.wav=i l,0.0,0.0,0.0,0.0,0.0
l-l.wav=li,0.0,0.0,0.0,0.0,0.0
l-l.wav=il -,0.0,0.0,0.0,0.0,0.0
l-l.wav=- lo,0.0,0.0,0.0,0.0,0.0
l-l.wav=o l,0.0,0.0,0.0,0.0,0.0
l-l.wav=lo,0.0,0.0,0.0,0.0,0.0
l-l.wav=ol -,0.0,0.0,0.0,0.0,0.0
l-l.wav=- lu,0.0,0.0,0.0,0.0,0.0
l-l.wav=u l,0.0,0.0,0.0,0.0,0.0
l-l.wav=lu,0.0,0.0,0.0,0.0,0.0
l-l.wav=ul -,0.0,0.0,0.0,0.0,0.0
m-m.wav=- ma,0.0,0.0,0.0,0.0,0.0
m-m.wav=a m,0.0,0.0,0.0,0.0,0.0
m-m.wav=ma,0.0,0.0,0.0,0.0,0.0
m-m.wav=am -,0.0,0.0,0.0,0.0,0.0
m-m.wav=- me,0.0,0.0,0.0,0.0,0.0
m-m.wav=e m,0.0,0.0,0.0,0.0,0.0
m-m.wav=me,0.0,0.0,0.0,0.0,0.0
m-m.wav=em -,0.0,0.0,0.0,0.0,0.0
m-m.wav=- mi,0.0,0.0,0.0,0.0,0.0
m-m.wav=i m,0.0,0.0,0.0,0.0,0.0
m-m.wav=mi,3779.3,133.7,-500.0,100.7,62.9
m-m.wav=im -,0.0,0.0,0.0,0.0,0.0
m-m.wav=- mo,0.0,0.0,0.0,0.0,0.0
m-m.wav=o m,0.0,0.0,0.0,0.0,0.0
m-m.wav=mo,0.0,0.0,0.0,0.0,0.0
m-m.wav=om -,0.0,0.0,0.0,0.0,0.0
m-m.wav=- mu,0.0,0.0,0.0,0.0,0.0
m-m.wav=u m,0.0,0.0,0.0,0.0,0.0
m-m.wav=mu,0.0,0.0,0.0,0.0,0.0
m-m.wav=um -,0.0,0.0,0.0,0.0,0.0
my-my.wav=- mya,0.0,0.0,0.0,0.0,0.0
my-my.wav=a my,0.0,0.0,0.0,0.0,0.0
my-my.wav=mya,0.0,0.0,0.0,0.0,0.0
my-my.wav=amy -,0.0,0.0,0.0,0.0,0.0
my-my.wav=- mye,0.0,0.0,0.0,0.0,0.0
my-my.wav=e my,0.0,0.0,0.0,0.0,0.0
my-my.wav=mye,0.0,0.0,0.0,0.0,0.0
my-my.wav=emy -,0.0,0.0,0.0,0.0,0.0
my-my.wav=- myi,0.0,0.0,0.0,0.0,0.0
my-my.wav=i my,0.0,0.0,0.0,0.0,0.0
my-my.wav=myi,0.0,0.0,0.0,0.0,0.0
my-my.wav=imy -,0.0,0.0,0.0,0.0,0.0
my-my.wav=- myo,0.0,0.0,0.0,0.0,0.0
my-my.wav=o my,0.0,0.0,0.0,0.0,0.0
my-my.wav=myo,0.0,0.0,0.0,0.0,0.0
my-my.wav=omy -,0.0,0.0,0.0,0.0,0.0
my-my.wav=- myu,0.0,0.0,0.0,0.0,0.0
my-my.wav=u my,0.0,0.0,0.0,0.0,0.0
my-my.wav=myu,0.0,0.0,0.0,0.0,0.0
my-my.wav=umy -,0.0,0.0,0.0,0.0,0.0
n-n.wav=- na,0.0,0.0,0.0,0.0,0.0
n-n.wav=a n,0.0,0.0,0.0,0.0,0.0
n-n.wav=na,809.7,108.6,-500.0,60.2,35.6
n-n.wav=an -,0.0,0.0,0.0,0.0,0.0
n-n.wav=- ne,0.0,0.0,0.0,0.0,0.0
n-n.wav=e n,0.0,0.0,0.0,0.0,0.0
n-n.wav=ne,0.0,0.0,0.0,0.0,0.0
n-n.wav=en -,0.0,0.0,0.0,0.0,0.0
n-n.wav=- ni,0.0,0.0,0.0,0.0,0.0
n-n.wav=i n,0.0,0.0,0.0,0.0,0.0
n-n.wav=ni,0.0,0.0,0.0,0.0,0.0
n-n.wav=in -,0.0,0.0,0.0,0.0,0.0
n-n.wav=- no,0.0,0.0,0.0,0.0,0.0
n-n.wav=o n,0.0,0.0,0.0,0.0,0.0
n-n.wav=no,0.0,0.0,0.0,0.0,0.0
n-n.wav=on -,0.0,0.0,0.0,0.0,0.0
n-n.wav=- nu,0.0,0.0,0.0,0.0,0.0
n-n.wav=u n,0.0,0.0,0.0,0.0,0.0
n-n.wav=nu,0.0,0.0,0.0,0.0,0.0
n-n.wav=un -,0.0,0.0,0.0,0.0,0.0
ny-ny.wav=- nya,0.0,0.0,0.0,0.0,0.0
ny-ny.wav=a ny,0.0,0.0,0.0,0.0,0.0
ny-ny.wav=nya,0.0,0.0,0.0,0.0,0.0
ny-ny.wav=any -,0.0,0.0,0.0,0.0,0.0
ny-ny.wav=- nye,0.0,0.0,0.0,0.0,0.0
ny-ny.wav=e ny,0.0,0.0,0.0,0.0,0.0
ny-ny.wav=nye,0.0,0.0,0.0,0.0,0.0
ny-ny.wav=eny -,0.0,0.0,0.0,0.0,0.0
ny-ny.wav=- nyi,0.0,0.0,0.0,0.0,0.0
ny-ny.wav=i ny,0.0,0.0,0.0,0.0,0.0
ny-ny.wav=nyi,0.0,0.0,0.0,0.0,0.0
ny-ny.wav=iny -,0.0,0.0,0.0,0.0,0.0
ny-ny.wav=- nyo,0.0,0.0,0.0,0.0,0.0
ny-ny.wav=o ny,0.0,0.0,0.0,0.0,0.0
ny-ny.wav=nyo,0.0,0.0,0.0,0.0,0.0
ny-ny.wav=ony -,0.0,0.0,0.0,0.0,0.0
ny-ny.wav=- nyu,0.0,0.0,0.0,0.0,0.0
ny-ny.wav=u ny,0.0,0.0,0.0,0.0,0.0
ny-ny.wav=nyu,0.0,0.0,0.0,0.0,0.0
ny-ny.wav=uny -,0.0,0.0,0.0,0.0,0.0
p-p.wav=- pa,0.0,0.0,0.0,0.0,0.0
p-p.wav=a p,0.0,0.0,0.0,0.0,0.0
p-p.wav=pa,0.0,0.0,0.0,0.0,0.0
p-p.wav=ap -,0.0,0.0,0.0,0.0,0.0
p-p.wav=- pe,0.0,0.0,0.0,0.0,0.0
p-p.wav=e p,0.0,0.0,0.0,0.0,0.0
p-p.wav=pe,0.0,0.0,0.0,0.0,0.0
p-p.wav=ep -,0.0,0.0,0.0,0.0,0.0
p-p.wav=- pi,0.0,0.0,0.0,0.0,0.0
p-p.wav=i p,0.0,0.0,0.0,0.0,0.0
p-p.wav=pi,0.0,0.0,0.0,0.0,0.0
p-p.wav=ip -,0.0,0.0,0.0,0.0,0.0
p-p.wav=- po,0.0,0.0,0.0,0.0,0.0
p-p.wav=o p,0.0,0.0,0.0,0.0,0.0
p-p.wav=po,0.0,0.0,0.0,0.0,0.0
p-p.wav=op -,0.0,0.0,0.0,0.0,0.0
p-p.wav=- pu,0.0,0.0,0.0,0.0,0.0
p-p.wav=u p,0.0,0.0,0.0,0.0,0.0
p-p.wav=pu,0.0,0.0,0.0,0.0,0.0
p-p.wav=up -,0.0,0.0,0.0,0.0,0.0
py-py.wav=- pya,0.0,0.0,0.0,0.0,0.0
py-py.wav=a py,0.0,0.0,0.0,0.0,0.0
py-py.wav=pya,0.0,0.0,0.0,0.0,0.0
py-py.wav=apy -,0.0,0.0,0.0,0.0,0.0
py-py.wav=- pye,0.0,0.0,0.0,0.0,0.0
py-py.wav=e py,0.0,0.0,0.0,0.0,0.0
py-py.wav=pye,0.0,0.0,0.0,0.0,0.0
py-py.wav=epy -,0.0,0.0,0.0,0.0,0.0
py-py.wav=- pyi,0.0,0.0,0.0,0.0,0.0
py-py.wav=i py,0.0,0.0,0.0,0.0,0.0
py-py.wav=pyi,0.0,0.0,0.0,0.0,0.0
py-py.wav=ipy -,0.0,0.0,0.0,0.0,0.0
py-py.wav=- pyo,0.0,0.0,0.0,0.0,0.0
py-py.wav=o py,0.0,0.0,0.0,0.0,0.0
py-py.wav=pyo,0.0,0.0,0.0,0.0,0.0
py-py.wav=opy -,0.0,0.0,0.0,0.0,0.0
py-py.wav=- pyu,0.0,0.0,0.0,0.0,0.0
py-py.wav=u py,0.0,0.0,0.0,0.0,0.0
py-py.wav=pyu,0.0,0.0,0.0,0.0,0.0
py-py.wav=upy -,0.0,0.0,0.0,0.0,0.0
r-r.wav=- ra,0.0,0.0,0.0,0.0,0.0
r-r.wav=a r,0.0,0.0,0.0,0.0,0.0
r-r.wav=ra,1271.8,143.9,-503.4,36.2,13.3
r-r.wav=ar -,0.0,0.0,0.0,0.0,0.0
r-r.wav=- re,0.0,0.0,0.0,0.0,0.0
r-r.wav=e r,0.0,0.0,0.0,0.0,0.0
r-r.wav=re,0.0,0.0,0.0,0.0,0.0
r-r.wav=er -,0.0,0.0,0.0,0.0,0.0
r-r.wav=- ri,0.0,0.0,0.0,0.0,0.0
r-r.wav=i r,0.0,0.0,0.0,0.0,0.0
r-r.wav=ri,0.0,0.0,0.0,0.0,0.0
r-r.wav=ir -,0.0,0.0,0.0,0.0,0.0
r-r.wav=- ro,0.0,0.0,0.0,0.0,0.0
r-r.wav=o r,0.0,0.0,0.0,0.0,0.0
r-r.wav=ro,0.0,0.0,0.0,0.0,0.0
r-r.wav=or -,0.0,0.0,0.0,0.0,0.0
r-r.wav=- ru,0.0,0.0,0.0,0.0,0.0
r-r.wav=u r,0.0,0.0,0.0,0.0,0.0
r-r.wav=ru,8315.8,118.6,0.0,57.1,23.0
r-r.wav=ur -,0.0,0.0,0.0,0.0,0.0
ry-ry.wav=- rya,0.0,0.0,0.0,0.0,0.0
ry-ry.wav=a ry,0.0,0.0,0.0,0.0,0.0
ry-ry.wav=rya,0.0,0.0,0.0,0.0,0.0
ry-ry.wav=ary -,0.0,0.0,0.0,0.0,0.0
ry-ry.wav=- rye,0.0,0.0,0.0,0.0,0.0
ry-ry.wav=e ry,0.0,0.0,0.0,0.0,0.0
ry-ry.wav=rye,0.0,0.0,0.0,0.0,0.0
ry-ry.wav=ery -,0.0,0.0,0.0,0.0,0.0
ry-ry.wav=- ryi,0.0,0.0,0.0,0.0,0.0
ry-ry.wav=i ry,0.0,0.0,0.0,0.0,0.0
ry-ry.wav=ryi,0.0,0.0,0.0,0.0,0.0
ry-ry.wav=iry -,0.0,0.0,0.0,0.0,0.0
ry-ry.wav=- ryo,0.0,0.0,0.0,0.0,0.0
ry-ry.wav=o ry,0.0,0.0,0.0,0.0,0.0
ry-ry.wav=ryo,0.0,0.0,0.0,0.0,0.0
ry-ry.wav=ory -,0.0,0.0,0.0,0.0,0.0
ry-ry.wav=- ryu,0.0,0.0,0.0,0.0,0.0
ry-ry.wav=u ry,0.0,0.0,0.0,0.0,0.0
ry-ry.wav=ryu,0.0,0.0,0.0,0.0,0.0
ry-ry.wav=ury -,0.0,0.0,0.0,0.0,0.0
rr-rr.wav=- rra,0.0,0.0,0.0,0.0,0.0
rr-rr.wav=a rr,0.0,0.0,0.0,0.0,0.0
rr-rr.wav=rra,0.0,0.0,0.0,0.0,0.0
rr-rr.wav=arr -,0.0,0.0,0.0,0.0,0.0
rr-rr.wav=- rre,0.0,0.0,0.0,0.0,0.0
rr-rr.wav=e rr,0.0,0.0,0.0,0.0,0.0
rr-rr.wav=rre,0.0,0.0,0.0,0.0,0.0
rr-rr.wav=err -,0.0,0.0,0.0,0.0,0.0
rr-rr.wav=- rri,0.0,0.0,0.0,0.0,0.0
rr-rr.wav=i rr,0.0,0.0,0.0,0.0,0.0
rr-rr.wav=rri,0.0,0.0,0.0,0.0,0.0
rr-rr.wav=irr -,0.0,0.0,0.0,0.0,0.0
rr-rr.wav=- rro,0.0,0.0,0.0,0.0,0.0
rr-rr.wav=o rr,0.0,0.0,0.0,0.0,0.0
rr-rr.wav=rro,0.0,0.0,0.0,0.0,0.0
rr-rr.wav=orr -,0.0,0.0,0.0,0.0,0.0
rr-rr.wav=- rru,0.0,0.0,0.0,0.0,0.0
rr-rr.wav=u rr,0.0,0.0,0.0,0.0,0.0
rr-rr.wav=rru,0.0,0.0,0.0,0.0,0.0
rr-rr.wav=urr -,0.0,0.0,0.0,0.0,0.0
s-s.wav=- sa,0.0,0.0,0.0,0.0,0.0
s-s.wav=a s,0.0,0.0,0.0,0.0,0.0
s-s.wav=sa,0.0,0.0,0.0,0.0,0.0
s-s.wav=as -,0.0,0.0,0.0,0.0,0.0
s-s.wav=- se,2175.1,87.8,-253.9,75.0,45.4
s-s.wav=e s,0.0,0.0,0.0,0.0,0.0
s-s.wav=se,0.0,0.0,0.0,0.0,0.0
s-s.wav=es -,0.0,0.0,0.0,0.0,0.0
s-s.wav=- si,0.0,0.0,0.0,0.0,0.0
s-s.wav=i s,0.0,0.0,0.0,0.0,0.0
s-s.wav=si,0.0,0.0,0.0,0.0,0.0
s-s.wav=is -,0.0,0.0,0.0,0.0,0.0
s-s.wav=- so,0.0,0.0,0.0,0.0,0.0
s-s.wav=o s,0.0,0.0,0.0,0.0,0.0
s-s.wav=so,0.0,0.0,0.0,0.0,0.0
s-s.wav=os -,0.0,0.0,0.0,0.0,0.0
s-s.wav=- su,0.0,0.0,0.0,0.0,0.0
s-s.wav=u s,0.0,0.0,0.0,0.0,0.0
s-s.wav=su,7281.6,187.5,0.0,100.7,37.2
s-s.wav=us -,0.0,0.0,0.0,0.0,0.0
sh-sh.wav=- sha,0.0,0.0,0.0,0.0,0.0
sh-sh.wav=a sh,0.0,0.0,0.0,0.0,0.0
sh-sh.wav=sha,0.0,0.0,0.0,0.0,0.0
sh-sh.wav=ash -,0.0,0.0,0.0,0.0,0.0
sh-sh.wav=- she,0.0,0.0,0.0,0.0,0.0
sh-sh.wav=e sh,0.0,0.0,0.0,0.0,0.0
sh-sh.wav=she,0.0,0.0,0.0,0.0,0.0
sh-sh.wav=esh -,0.0,0.0,0.0,0.0,0.0
sh-sh.wav=- shi,0.0,0.0,0.0,0.0,0.0
sh-sh.wav=i sh,0.0,0.0,0.0,0.0,0.0
sh-sh.wav=shi,0.0,0.0,0.0,0.0,0.0
sh-sh.wav=ish -,0.0,0.0,0.0,0.0,0.0
sh-sh.wav=- sho,0.0,0.0,0.0,0.0,0.0
sh-sh.wav=o sh,0.0,0.0,0.0,0.0,0.0
sh-sh.wav=sho,0.0,0.0,0.0,0.0,0.0
sh-sh.wav=osh -,0.0,0.0,0.0,0.0,0.0
sh-sh.wav=- shu,0.0,0.0,0.0,0.0,0.0
sh-sh.wav=u sh,0.0,0.0,0.0,0.0,0.0
sh-sh.wav=shu,0.0,0.0,0.0,0.0,0.0
sh-sh.wav=ush -,0.0,0.0,0.0,0.0,0.0
sl-sl.wav=- sla,0.0,0.0,0.0,0.0,0.0
sl-sl.wav=a sl,0.0,0.0,0.0,0.0,0.0
sl-sl.wav=sla,0.0,0.0,0.0,0.0,0.0
sl-sl.wav=asl -,0.0,0.0,0.0,0.0,0.0
sl-sl.wav=- sle,0.0,0.0,0.0,0.0,0.0
sl-sl.wav=e sl,0.0,0.0,0.0,0.0,0.0
sl-sl.wav=sle,0.0,0.0,0.0,0.0,0.0
sl-sl.wav=esl -,0.0,0.0,0.0,0.0,0.0
sl-sl.wav=- sli,0.0,0.0,0.0,0.0,0.0
sl-sl.wav=i sl,0.0,0.0,0.0,0.0,0.0
sl-sl.wav=sli,0.0,0.0,0.0,0.0,0.0
sl-sl.wav=isl -,0.0,0.0,0.0,0.0,0.0
sl-sl.wav=- slo,0.0,0.0,0.0,0.0,0.0
sl-sl.wav=o sl,0.0,0.0,0.0,0.0,0.0
sl-sl.wav=slo,0.0,0.0,0.0,0.0,0.0
sl-sl.wav=osl -,0.0,0.0,0.0,0.0,0.0
sl-sl.wav=- slu,0.0,0.0,0.0,0.0,0.0
sl-sl.wav=u sl,0.0,0.0,0.0,0.0,0.0
sl-sl.wav=slu,0.0,0.0,0.0,0.0,0.0
sl-sl.wav=usl -,0.0,0.0,0.0,0.0,0.0
st-st.wav=- sta,0.0,0.0,0.0,0.0,0.0
st-st.wav=a st,0.0,0.0,0.0,0.0,0.0
st-st.wav=sta,0.0,0.0,0.0,0.0,0.0
st-st.wav=ast -,0.0,0.0,0.0,0.0,0.0
st-st.wav=- ste,0.0,0.0,0.0,0.0,0.0
st-st.wav=e st,0.0,0.0,0.0,0.0,0.0
st-st.wav=ste,0.0,0.0,0.0,0.0,0.0
st-st.wav=est -,0.0,0.0,0.0,0.0,0.0
st-st.wav=- sti,0.0,0.0,0.0,0.0,0.0
st-st.wav=i st,0.0,0.0,0.0,0.0,0.0
st-st.wav=sti,0.0,0.0,0.0,0.0,0.0
st-st.wav=ist -,0.0,0.0,0.0,0.0,0.0
st-st.wav=- sto,0.0,0.0,0.0,0.0,0.0
st-st.wav=o st,0.0,0.0,0.0,0.0,0.0
st-st.wav=sto,0.0,0.0,0.0,0.0,0.0
st-st.wav=ost -,0.0,0.0,0.0,0.0,0.0
st-st.wav=- stu,0.0,0.0,0.0,0.0,0.0
st-st.wav=u st,0.0,0.0,0.0,0.0,0.0
st-st.wav=stu,0.0,0.0,0.0,0.0,0.0
st-st.wav=ust -,0.0,0.0,0.0,0.0,0.0
str-str.wav=- stra,0.0,0.0,0.0,0.0,0.0
str-str.wav=a str,0.0,0.0,0.0,0.0,0.0
str-str.wav=stra,0.0,0.0,0.0,0.0,0.0
str-str.wav=astr -,0.0,0.0,0.0,0.0,0.0
str-str.wav=- stre,0.0,0.0,0.0,0.0,0.0
str-str.wav=e str,0.0,0.0,0.0,0.0,0.0
str-str.wav=stre,0.0,0.0,0.0,0.0,0.0
str-str.wav=estr -,0.0,0.0,0.0,0.0,0.0
str-str.wav=- stri,0.0,0.0,0.0,0.0,0.0
str-str.wav=i str,0.0,0.0,0.0,0.0,0.0
str-str.wav=stri,0.0,0.0,0.0,0.0,0.0
str-str.wav=istr -,0.0,0.0,0.0,0.0,0.0
str-str.wav=- stro,0.0,0.0,0.0,0.0,0.0
str-str.wav=o str,0.0,0.0,0.0,0.0,0.0
str-str.wav=stro,0.0,0.0,0.0,0.0,0.0
str-str.wav=ostr -,0.0,0.0,0.0,0.0,0.0
str-str.wav=- stru,0.0,0.0,0.0,0.0,0.0
str-str.wav=u str,0.0,0.0,0.0,0.0,0.0
str-str.wav=stru,0.0,0.0,0.0,0.0,0.0
str-str.wav=ustr -,0.0,0.0,0.0,0.0,0.0
t-t.wav=- ta,0.0,0.0,0.0,0.0,0.0
t-t.wav=a t,0.0,0.0,0.0,0.0,0.0
t-t.wav=ta,0.0,0.0,0.0,0.0,0.0
t-t.wav=at -,0.0,0.0,0.0,0.0,0.0
t-t.wav=- te,0.0,0.0,0.0,0.0,0.0
t-t.wav=e t,0.0,0.0,0.0,0.0,0.0
t-t.wav=te,0.0,0.0,0.0,0.0,0.0
t-t.wav=et -,0.0,0.0,0.0,0.0,0.0
t-t.wav=- ti,0.0,0.0,0.0,0.0,0.0
t-t.wav=i t,0.0,0.0,0.0,0.0,0.0
t-t.wav=ti,0.0,0.0,0.0,0.0,0.0
t-t.wav=it -,0.0,0.0,0.0,0.0,0.0
t-t.wav=- to,5871.1,115.5,-222.4,87.2,37.8
t-t.wav=o t,0.0,0.0,0.0,0.0,0.0
t-t.wav=to,0.0,0.0,0.0,0.0,0.0
t-t.wav=ot -,0.0,0.0,0.0,0.0,0.0
t-t.wav=- tu,0.0,0.0,0.0,0.0,0.0
t-t.wav=u t,0.0,0.0,0.0,0.0,0.0
t-t.wav=tu,0.0,0.0,0.0,0.0,0.0
t-t.wav=ut -,0.0,0.0,0.0,0.0,0.0
th-th.wav=- tha,0.0,0.0,0.0,0.0,0.0
th-th.wav=a th,0.0,0.0,0.0,0.0,0.0
th-th.wav=tha,0.0,0.0,0.0,0.0,0.0
th-th.wav=ath -,0.0,0.0,0.0,0.0,0.0
th-th.wav=- the,0.0,0.0,0.0,0.0,0.0
th-th.wav=e th,0.0,0.0,0.0,0.0,0.0
th-th.wav=the,0.0,0.0,0.0,0.0,0.0
th-th.wav=eth -,0.0,0.0,0.0,0.0,0.0
th-th.wav=- thi,0.0,0.0,0.0,0.0,0.0
th-th.wav=i th,0.0,0.0,0.0,0.0,0.0
th-th.wav=thi,0.0,0.0,0.0,0.0,0.0
th-th.wav=ith -,0.0,0.0,0.0,0.0,0.0
th-th.wav=- tho,0.0,0.0,0.0,0.0,0.0
th-th.wav=o th,0.0,0.0,0.0,0.0,0.0
th-th.wav=tho,0.0,0.0,0.0,0.0,0.0
th-th.wav=oth -,0.0,0.0,0.0,0.0,0.0
th-th.wav=- thu,0.0,0.0,0.0,0.0,0.0
th-th.wav=u th,0.0,0.0,0.0,0.0,0.0
th-th.wav=thu,0.0,0.0,0.0,0.0,0.0
th-th.wav=uth -,0.0,0.0,0.0,0.0,0.0
ts-ts.wav=- tsa,0.0,0.0,0.0,0.0,0.0
ts-ts.wav=a ts,0.0,0.0,0.0,0.0,0.0
ts-ts.wav=tsa,0.0,0.0,0.0,0.0,0.0
ts-ts.wav=ats -,0.0,0.0,0.0,0.0,0.0
ts-ts.wav=- tse,0.0,0.0,0.0,0.0,0.0
ts-ts.wav=e ts,0.0,0.0,0.0,0.0,0.0
ts-ts.wav=tse,0.0,0.0,0.0,0.0,0.0
ts-ts.wav=ets -,0.0,0.0,0.0,0.0,0.0
ts-ts.wav=- tsi,0.0,0.0,0.0,0.0,0.0
ts-ts.wav=i ts,0.0,0.0,0.0,0.0,0.0
ts-ts.wav=tsi,0.0,0.0,0.0,0.0,0.0
ts-ts.wav=its -,0.0,0.0,0.0,0.0,0.0
ts-ts.wav=- tso,0.0,0.0,0.0,0.0,0.0
ts-ts.wav=o ts,0.0,0.0,0.0,0.0,0.0
ts-ts.wav=tso,0.0,0.0,0.0,0.0,0.0
ts-ts.wav=ots -,0.0,0.0,0.0,0.0,0.0
ts-ts.wav=- tsu,0.0,0.0,0.0,0.0,0.0
ts-ts.wav=u ts,0.0,0.0,0.0,0.0,0.0
ts-ts.wav=tsu,0.0,0.0,0.0,0.0,0.0
ts-ts.wav=uts -,0.0,0.0,0.0,0.0,0.0
v-v.wav=- va,0.0,0.0,0.0,0.0,0.0
v-v.wav=a v,0.0,0.0,0.0,0.0,0.0
v-v.wav=va,0.0,0.0,0.0,0.0,0.0
v-v.wav=av -,0.0,0.0,0.0,0.0,0.0
v-v.wav=- ve,0.0,0.0,0.0,0.0,0.0
v-v.wav=e v,0.0,0.0,0.0,0.0,0.0
v-v.wav=ve,0.0,0.0,0.0,0.0,0.0
v-v.wav=ev -,0.0,0.0,0.0,0.0,0.0
v-v.wav=- vi,0.0,0.0,0.0,0.0,0.0
v-v.wav=i v,0.0,0.0,0.0,0.0,0.0
v-v.wav=vi,0.0,0.0,0.0,0.0,0.0
v-v.wav=iv -,0.0,0.0,0.0,0.0,0.0
v-v.wav=- vo,0.0,0.0,0.0,0.0,0.0
v-v.wav=o v,0.0,0.0,0.0,0.0,0.0
v-v.wav=vo,0.0,0.0,0.0,0.0,0.0
v-v.wav=ov -,0.0,0.0,0.0,0.0,0.0
v-v.wav=- vu,0.0,0.0,0.0,0.0,0.0
v-v.wav=u v,0.0,0.0,0.0,0.0,0.0
v-v.wav=vu,0.0,0.0,0.0,0.0,0.0
v-v.wav=uv -,0.0,0.0,0.0,0.0,0.0
w-w.wav=- wa,0.0,0.0,0.0,0.0,0.0
w-w.wav=a w,0.0,0.0,0.0,0.0,0.0
w-w.wav=wa,0.0,0.0,0.0,0.0,0.0
w-w.wav=aw -,0.0,0.0,0.0,0.0,0.0
w-w.wav=- we,0.0,0.0,0.0,0.0,0.0
w-w.wav=e w,0.0,0.0,0.0,0.0,0.0
w-w.wav=we,0.0,0.0,0.0,0.0,0.0
w-w.wav=ew -,0.0,0.0,0.0,0.0,0.0
w-w.wav=- wi,0.0,0.0,0.0,0.0,0.0
w-w.wav=i w,0.0,0.0,0.0,0.0,0.0
w-w.wav=wi,0.0,0.0,0.0,0.0,0.0
w-w.wav=iw -,0.0,0.0,0.0,0.0,0.0
w-w.wav=- wo,0.0,0.0,0.0,0.0,0.0
w-w.wav=o w,0.0,0.0,0.0,0.0,0.0
w-w.wav=wo,0.0,0.0,0.0,0.0,0.0
w-w.wav=ow -,0.0,0.0,0.0,0.0,0.0
w-w.wav=- wu,0.0,0.0,0.0,0.0,0.0
w-w.wav=u w,0.0,0.0,0.0,0.0,0.0
w-w.wav=wu,0.0,0.0,0.0,0.0,0.0
w-w.wav=uw -,0.0,0.0,0.0,0.0,0.0
y-y.wav=- ya,0.0,0.0,0.0,0.0,0.0
y-y.wav=a y,0.0,0.0,0.0,0.0,0.0
y-y.wav=ya,0.0,0.0,0.0,0.0,0.0
y-y.wav=ay -,0.0,0.0,0.0,0.0,0.0
y-y.wav=- ye,0.0,0.0,0.0,0.0,0.0
y-y.wav=e y,0.0,0.0,0.0,0.0,0.0
y-y.wav=ye,0.0,0.0,0.0,0.0,0.0
y-y.wav=ey -,0.0,0.0,0.0,0.0,0.0
y-y.wav=- yi,0.0,0.0,0.0,0.0,0.0
y-y.wav=i y,0.0,0.0,0.0,0.0,0.0
y-y.wav=yi,0.0,0.0,0.0,0.0,0.0
y-y.wav=iy -,0.0,0.0,0.0,0.0,0.0
y-y.wav=- yo,0.0,0.0,0.0,0.0,0.0
y-y.wav=o y,0.0,0.0,0.0,0.0,0.0
y-y.wav=yo,0.0,0.0,0.0,0.0,0.0
y-y.wav=oy -,0.0,0.0,0.0,0.0,0.0
y-y.wav=- yu,0.0,0.0,0.0,0.0,0.0
y-y.wav=u y,0.0,0.0,0.0,0.0,0.0
y-y.wav=yu,9645.6,216.0,-1000.0,170.3,23.5
y-y.wav=uy -,0.0,0.0,0.0,0.0,0.0
z-z.wav=- za,0.0,0.0,0.0,0.0,0.0
z-z.wav=a z,0.0,0.0,0.0,0.0,0.0
z-z.wav=za,0.0,0.0,0.0,0.0,0.0
z-z.wav=az -,0.0,0.0,0.0,0.0,0.0
z-z.wav=- ze,0.0,0.0,0.0,0.0,0.0
z-z.wav=e z,0.0,0.0,0.0,0.0,0.0
z-z.wav=ze,0.0,0.0,0.0,0.0,0.0
z-z.wav=ez -,0.0,0.0,0.0,0.0,0.0
z-z.zaz=- zi,0.0,0.0,0.0,0.0,0.0
z-z.wav=i z,0.0,0.0,0.0,0.0,0.0
z-z.wav=zi,0.0,0.0,0.0,0.0,0.0
z-z.wav=iz -,0.0,0.0,0.0,0.0,0.0
z-z.wav=- zo,0.0,0.0,0.0,0.0,0.0
z-z.wav=o z,0.0,0.0,0.0,0.0,0.0
z-z.wav=zo,0.0,0.0,0.0,0.0,0.0
z-z.wav=oz -,0.0,0.0,0.0,0.0,0.0
z-z.wav=- zu,0.0,0.0,0.0,0.0,0.0
z-z.wav=u z,0.0,0.0,0.0,0.0,0.0
z-z.wav=zu,0.0,0.0,0.0,0.0,0.0
z-z.wav=uz -,0.0,0.0,0.0,0.0,0.0
zy-zy.wav=- zya,0.0,0.0,0.0,0.0,0.0
zy-zy.wav=a zy,0.0,0.0,0.0,0.0,0.0
zy-zy.wav=zya,0.0,0.0,0.0,0.0,0.0
zy-zy.wav=azy -,0.0,0.0,0.0,0.0,0.0
zy-zy.wav=- zye,0.0,0.0,0.0,0.0,0.0
zy-zy.wav=e zy,0.0,0.0,0.0,0.0,0.0
zy-zy.wav=zye,0.0,0.0,0.0,0.0,0.0
zy-zy.wav=ezy -,0.0,0.0,0.0,0.0,0.0
zy-zy.wav=- zyi,0.0,0.0,0.0,0.0,0.0
zy-zy.wav=i zy,0.0,0.0,0.0,0.0,0.0
zy-zy.wav=zyi,0.0,0.0,0.0,0.0,0.0
zy-zy.wav=izy -,0.0,0.0,0.0,0.0,0.0
zy-zy.wav=- zyo,0.0,0.0,0.0,0.0,0.0
zy-zy.wav=o zy,0.0,0.0,0.0,0.0,0.0
zy-zy.wav=zyo,0.0,0.0,0.0,0.0,0.0
zy-zy.wav=ozy -,0.0,0.0,0.0,0.0,0.0
zy-zy.wav=- zyu,0.0,0.0,0.0,0.0,0.0
zy-zy.wav=u zy,0.0,0.0,0.0,0.0,0.0
zy-zy.wav=zyu,0.0,0.0,0.0,0.0,0.0
zy-zy.wav=uzy -,0.0,0.0,0.0,0.0,0.0
n-n.wav=n,675.2,63.8,-176.1,47.2,19.1
n-n.wav=- n,387.4,63.8,-113.2,47.2,19.1
